255	255	255	255	255	255	255	255	255	255	255	255	255	255	255	255	255	255	255	255	255	255	255	255	255	255	255	255	255	255	255	255	255	255	255	255	255	255	255	255	255	255	255	255	255	255	255	255	255	255	255	255	255	255	255	255	255	255	255	255	255	255	255	255	255	255	255	255	255	255	255	255	255	255	255	255	255	255	255	255	255	255	255	255	255	255	255	255	255	255	255	255	255	255	255	255	255	255	255	255	255	255	255	255	255	255	255	255	255	255	255	255	255	255	255	255	255	255	255	255	255	255	255	255	255	255	255	255	255	255	255	255	255	255	255	255	255	255	255	255
255	255	255	255	255	255	255	255	255	255	255	255	255	255	255	255	255	255	255	255	255	255	255	255	255	255	255	255	255	255	255	255	255	255	255	255	255	255	255	255	255	255	255	255	255	255	255	255	255	255	255	255	255	255	255	255	255	255	255	255	255	255	255	255	255	255	255	255	255	255	255	255	255	255	255	255	255	255	255	255	255	255	255	255	255	255	255	255	255	255	255	255	255	255	255	255	255	255	255	255	255	255	255	255	255	255	255	255	255	255	255	255	255	255	255	255	255	255	255	255	255	255	255	255	255	255	255	255	255	255	255	255	255	255	255	255	255	255	255	255
255	255	255	255	255	255	255	255	255	255	255	255	255	255	255	255	255	255	255	255	255	255	255	255	255	255	255	255	255	255	255	255	255	255	255	255	255	255	255	255	255	255	255	255	255	255	255	255	255	255	255	255	255	255	255	255	255	255	255	255	255	255	255	255	255	255	255	255	255	255	255	255	255	255	255	255	255	255	255	255	255	255	255	255	255	255	255	255	255	255	255	255	255	255	255	255	255	255	255	255	255	255	255	255	255	255	255	255	255	255	255	255	255	255	255	255	255	255	255	255	255	255	255	255	255	255	255	255	255	255	255	255	255	255	255	255	255	255	255	255
255	255	255	255	255	255	255	255	255	255	255	255	255	255	255	255	255	255	255	255	255	255	255	255	255	255	255	255	255	255	255	255	255	255	255	255	255	255	255	255	255	255	255	255	255	255	255	255	255	255	255	255	255	255	255	255	255	255	255	255	255	255	255	255	255	255	255	255	255	255	255	255	255	255	255	255	255	255	255	255	255	255	255	255	255	255	255	255	255	255	255	255	255	255	255	255	255	255	255	255	255	255	255	255	255	255	255	255	255	255	255	255	255	255	255	255	255	255	255	255	255	255	255	255	255	255	255	255	255	255	255	255	255	255	255	255	255	255	255	255
255	255	255	255	255	255	255	255	255	255	255	255	255	255	255	255	255	255	255	255	255	255	255	255	255	255	255	255	255	255	255	255	255	255	255	255	255	255	255	255	255	255	255	255	255	255	255	255	255	255	255	255	255	255	255	255	255	255	255	255	255	255	255	255	255	255	255	255	255	255	255	255	255	255	255	255	255	255	255	255	255	255	255	255	255	255	255	255	255	255	255	255	255	255	255	255	255	255	255	255	255	255	255	255	255	255	255	255	255	255	255	255	255	255	255	255	255	255	255	255	255	255	255	255	255	255	255	255	255	255	255	255	255	255	255	255	255	255	255	255
255	255	255	255	255	255	255	255	255	255	255	255	255	255	255	255	255	255	255	255	255	255	255	255	255	255	255	255	255	255	255	255	255	255	255	255	255	255	255	255	255	255	255	255	255	255	255	255	255	255	255	255	255	255	255	255	255	255	255	255	255	255	255	255	255	255	255	255	255	255	255	255	255	255	255	255	255	255	255	255	255	255	255	255	255	255	255	255	255	255	255	255	255	255	255	255	255	255	255	255	255	255	255	255	255	255	255	255	255	255	255	255	255	255	255	255	255	255	255	255	255	255	255	255	255	255	255	255	255	255	255	255	255	255	255	255	255	255	255	255
255	255	255	255	255	255	255	255	255	255	255	255	255	255	255	255	255	255	255	255	255	255	255	255	255	255	255	255	255	255	255	255	255	255	255	255	255	255	255	255	255	255	255	255	255	255	255	255	255	255	255	255	255	255	255	255	255	255	255	255	255	255	255	255	255	255	255	255	255	255	255	255	255	255	255	255	255	255	255	255	255	255	255	255	255	255	255	255	255	255	255	255	255	255	255	255	255	255	255	255	255	255	255	255	255	255	255	255	255	255	255	255	255	255	255	255	255	255	255	255	255	255	255	255	255	255	255	255	255	255	255	255	255	255	255	255	255	255	255	255
255	255	255	255	255	255	255	255	255	255	255	255	255	255	255	255	255	255	255	255	255	255	255	255	255	255	255	255	255	255	255	255	255	255	255	255	255	255	255	255	255	255	255	255	255	255	255	255	255	255	255	255	255	255	255	255	255	255	255	255	255	255	255	255	255	255	255	255	255	255	255	255	255	255	255	255	255	255	255	255	255	255	255	255	255	255	255	255	255	255	255	255	255	255	255	255	255	255	255	255	255	255	255	255	255	255	255	255	255	255	255	255	255	255	255	255	255	255	255	255	255	255	255	255	255	255	255	255	255	255	255	255	255	255	255	255	255	255	255	255
255	255	255	255	255	255	255	255	255	255	255	255	255	255	255	255	255	255	255	255	255	255	255	255	255	255	255	255	255	255	255	255	255	255	255	255	255	255	255	255	255	255	255	255	255	255	255	255	255	255	255	255	255	255	255	255	255	255	255	255	255	255	255	255	255	255	255	255	255	255	255	255	255	255	255	255	255	255	255	255	255	255	255	255	255	255	255	255	255	255	255	255	255	255	255	255	255	255	255	255	255	255	255	255	255	255	255	255	255	255	255	255	255	255	255	255	255	255	255	255	255	255	255	255	255	255	255	255	255	255	255	255	255	255	255	255	255	255	255	255
255	255	255	255	255	255	255	255	255	255	255	255	255	255	255	255	255	255	255	255	255	255	255	255	255	255	255	255	255	255	255	255	255	255	255	255	255	255	255	255	255	255	255	255	255	255	255	255	255	255	255	255	255	255	255	255	255	255	255	255	255	255	255	255	255	255	255	255	255	255	255	255	255	255	255	255	255	255	255	255	255	255	255	255	255	255	255	255	255	255	255	255	255	255	255	255	255	255	255	255	255	255	255	255	255	255	255	255	255	255	255	255	255	255	255	255	255	255	255	255	255	255	255	255	255	255	255	255	255	255	255	255	255	255	255	255	255	255	255	255
255	255	255	255	255	255	255	255	255	255	255	255	255	255	255	255	255	255	255	255	255	255	255	255	255	255	255	255	255	255	255	255	255	255	255	255	255	255	255	255	255	255	255	255	255	255	255	255	255	255	255	255	255	255	255	255	255	255	255	255	255	255	255	255	255	255	255	255	255	255	255	255	255	255	255	255	255	255	255	255	255	255	255	255	255	255	255	255	255	255	255	255	255	255	255	255	255	255	255	255	255	255	255	255	255	255	255	255	255	255	255	255	255	255	255	255	255	255	255	255	255	255	255	255	255	255	255	255	255	255	255	255	255	255	255	255	255	255	255	255
255	255	255	255	255	255	255	255	255	255	255	255	255	255	255	255	255	255	255	255	255	255	255	255	255	255	255	255	255	255	255	255	255	255	255	255	255	255	255	255	255	255	255	255	255	255	255	255	255	255	255	255	255	255	255	255	255	255	255	255	255	255	255	255	255	255	255	255	255	255	255	255	255	255	255	255	255	255	255	255	255	255	255	255	255	255	255	255	255	255	255	255	255	255	255	255	255	255	255	255	255	255	255	255	255	255	255	255	255	255	255	255	255	255	255	255	255	255	255	255	255	255	255	255	255	255	255	255	255	255	255	255	255	255	255	255	255	255	255	255
255	255	255	255	255	255	255	255	255	255	255	255	255	255	255	255	255	255	255	255	255	255	255	255	255	255	255	255	255	255	255	255	255	255	255	255	255	255	255	255	255	255	255	255	255	255	255	255	255	255	255	255	255	255	255	255	255	255	255	255	255	255	255	255	255	255	255	255	255	255	255	255	255	255	255	255	255	255	255	255	255	255	255	255	255	255	255	255	255	255	255	255	255	255	255	255	255	255	255	255	255	255	255	255	255	255	255	255	255	255	255	255	255	255	255	255	255	255	255	255	255	255	255	255	255	255	255	255	255	255	255	255	255	255	255	255	255	255	255	255
255	255	255	255	255	255	255	255	255	255	255	255	255	255	255	255	255	255	255	255	255	255	255	255	255	255	255	255	255	255	255	255	255	255	255	255	255	255	255	255	255	255	255	255	255	255	255	255	255	255	255	255	255	255	255	255	255	255	255	255	255	255	255	255	255	255	255	255	255	255	255	255	255	255	255	255	255	255	255	255	255	255	255	255	255	255	255	255	255	255	255	255	255	255	255	255	255	255	255	255	255	255	255	255	255	255	255	255	255	255	255	255	255	255	255	255	255	255	255	255	255	255	255	255	255	255	255	255	255	255	255	255	255	255	255	255	255	255	255	255
255	255	255	255	255	255	255	255	255	255	255	255	255	255	255	255	255	255	255	255	255	255	255	255	255	255	255	255	255	255	255	255	255	255	255	255	255	255	255	255	255	255	255	255	255	255	255	255	255	255	255	255	255	255	255	255	255	255	255	255	255	255	255	255	255	255	255	255	255	255	255	255	255	255	255	255	255	255	255	255	255	255	255	255	255	255	255	255	255	255	255	255	255	255	255	255	255	255	255	255	255	255	255	255	255	255	255	255	255	255	255	255	255	255	255	255	255	255	255	255	255	255	255	255	255	255	255	255	255	255	255	255	255	255	255	255	255	255	255	255
255	255	255	255	255	255	255	255	255	255	255	255	255	255	255	255	255	255	255	255	255	255	255	255	255	255	255	255	255	255	255	255	255	255	255	255	255	255	255	255	255	255	255	255	255	255	255	255	255	255	255	255	255	255	255	255	255	255	255	255	255	255	255	255	255	255	255	255	255	255	255	255	255	255	255	255	255	255	255	255	255	255	255	255	255	255	255	255	255	255	255	255	255	255	255	255	255	255	255	255	255	255	255	255	255	255	255	255	255	255	255	255	255	255	255	255	255	255	255	255	255	255	255	255	255	255	255	255	255	255	255	255	255	255	255	255	255	255	255	255
255	255	255	255	255	255	255	255	255	255	255	255	255	255	255	255	255	255	255	255	255	255	255	255	255	255	255	255	255	255	255	255	255	255	255	255	255	255	255	255	255	255	255	255	255	255	255	255	255	255	255	255	255	255	255	255	255	255	255	255	255	255	255	255	255	255	255	255	255	255	255	255	255	255	255	255	255	255	255	255	255	255	255	255	255	255	255	255	255	255	255	255	255	255	255	255	255	255	255	255	255	255	255	255	255	255	255	255	255	255	255	255	255	255	255	255	255	255	255	255	255	255	255	255	255	255	255	255	255	255	255	255	255	255	255	255	255	255	255	255
255	255	255	255	255	255	255	255	255	255	255	255	255	255	255	255	255	255	255	255	255	255	255	255	255	255	255	255	255	255	255	255	255	255	255	255	255	255	255	255	255	255	255	255	255	255	255	255	255	255	255	255	255	255	255	255	255	255	255	255	255	255	255	255	255	255	255	255	255	255	255	255	255	255	255	255	255	255	255	255	255	255	255	255	255	255	255	255	255	255	255	255	255	255	255	255	255	255	255	255	255	255	255	255	255	255	255	255	255	255	255	255	255	255	255	255	255	255	255	255	255	255	255	255	255	255	255	255	255	255	255	255	255	255	255	255	255	255	255	255
255	255	255	255	255	255	255	255	255	255	255	255	255	255	255	255	255	255	255	255	255	255	255	255	255	255	255	255	255	255	255	255	255	255	255	255	255	255	255	255	255	255	255	255	255	255	255	255	255	255	255	255	255	255	255	255	255	255	255	255	255	255	255	255	255	255	255	255	255	255	255	255	255	255	255	255	255	255	255	255	255	255	255	255	255	255	255	255	255	255	255	255	255	255	255	255	255	255	255	255	255	255	255	255	255	255	255	255	255	255	255	255	255	255	255	255	255	255	255	255	255	255	255	255	255	255	255	255	255	255	255	255	255	255	255	255	255	255	255	255
255	255	255	255	255	255	255	255	255	255	255	255	255	255	255	255	255	255	255	255	255	255	255	255	255	255	255	255	255	255	255	255	255	255	255	255	255	255	255	255	255	255	255	255	255	255	255	255	255	255	255	255	255	255	255	255	255	255	255	255	255	255	255	255	255	255	255	255	255	255	255	255	255	255	255	255	255	255	255	255	255	255	255	255	255	255	255	255	255	255	255	255	255	255	255	255	255	255	255	255	255	255	255	255	255	255	255	255	255	255	255	255	255	255	255	255	255	255	255	255	255	255	255	255	255	255	255	255	255	255	255	255	255	255	255	255	255	255	255	255
255	255	255	255	255	255	255	255	255	255	255	255	255	255	255	255	255	255	255	255	255	255	255	255	255	255	255	255	255	255	255	255	255	255	255	255	255	255	255	255	255	255	255	255	255	255	255	255	255	255	255	255	255	255	255	255	255	255	255	255	255	255	255	255	255	255	255	255	255	255	255	255	255	255	255	255	255	255	255	255	255	255	255	255	255	255	255	255	255	255	255	255	255	255	255	255	255	255	255	255	255	255	255	255	255	255	255	255	255	255	255	255	255	255	255	255	255	255	255	255	255	255	255	255	255	255	255	255	255	255	255	255	255	255	255	255	255	255	255	255
255	255	255	255	255	255	255	255	255	255	255	255	255	255	255	255	255	255	255	255	255	255	255	255	255	255	255	255	255	255	255	255	255	255	255	255	255	255	255	255	255	255	255	255	255	255	255	255	255	255	255	255	255	255	255	255	255	255	255	255	255	255	255	255	255	255	255	255	255	255	255	255	255	255	255	255	255	255	255	255	255	255	255	255	255	255	255	255	255	255	255	255	255	255	255	255	255	255	255	255	255	255	255	255	255	255	255	255	255	255	255	255	255	255	255	255	255	255	255	255	255	255	255	255	255	255	255	255	255	255	255	255	255	255	255	255	255	255	255	255
255	255	255	255	255	255	255	255	255	255	255	255	255	255	255	255	255	255	255	255	255	255	255	255	255	255	255	255	255	255	255	255	255	255	255	255	255	255	255	255	255	255	255	255	255	255	255	255	255	255	255	255	255	255	255	255	255	255	255	255	255	255	255	255	255	255	255	255	255	255	255	255	255	255	255	255	255	255	255	255	255	255	255	255	255	255	255	255	255	255	255	255	255	255	255	255	255	255	255	255	255	255	255	255	255	255	255	255	255	255	255	255	255	255	255	255	255	255	255	255	255	255	255	255	255	255	255	255	255	255	255	255	255	255	255	255	255	255	255	255
255	255	255	255	255	255	255	255	255	255	255	255	255	255	255	255	255	255	255	255	255	254	254	254	254	255	255	255	255	255	255	255	255	255	254	254	254	254	255	255	255	255	255	255	255	255	255	255	255	255	255	255	255	255	255	255	255	255	254	254	254	255	254	255	255	255	255	255	255	255	255	255	255	255	254	255	254	254	254	254	254	255	255	255	255	255	255	255	255	255	255	254	254	254	254	255	255	255	255	255	255	255	255	255	255	255	255	255	255	255	255	255	255	255	255	255	255	255	255	255	255	255	255	255	255	255	255	255	255	255	255	255	255	255	255	255	255	255	255	255
255	255	255	255	255	255	255	255	255	255	255	255	255	255	255	255	255	255	255	255	255	254	252	252	252	253	254	255	254	254	254	254	255	254	254	253	253	253	254	254	254	254	254	254	254	255	255	255	255	255	254	254	254	254	255	255	254	254	253	252	253	253	254	255	255	255	254	254	254	254	255	255	255	255	254	253	253	253	253	253	253	253	254	254	254	254	255	255	254	254	254	253	253	253	253	254	254	254	255	254	253	253	255	255	255	255	255	255	255	255	255	255	255	255	255	255	255	255	255	255	255	255	255	255	255	255	255	255	255	255	255	255	255	255	255	255	255	255	255	255
255	255	255	255	255	255	255	255	255	255	255	255	255	255	255	255	255	255	255	255	255	254	252	252	252	253	255	254	254	253	253	254	254	255	254	253	253	253	254	254	254	254	254	255	255	255	255	255	255	254	254	254	254	254	254	255	254	254	253	252	253	254	254	255	254	254	254	254	254	254	255	254	255	255	254	254	253	253	253	254	254	254	254	254	254	254	255	255	255	254	254	253	253	253	253	254	254	255	255	254	253	253	255	255	255	255	255	255	255	255	255	255	255	255	255	255	255	255	255	255	255	255	255	255	255	255	255	255	255	255	255	255	255	255	255	255	255	255	255	255
255	255	255	255	255	255	255	255	255	255	255	255	255	255	255	255	255	255	255	255	255	254	254	254	255	255	255	254	253	253	253	253	254	254	255	254	254	254	255	254	254	254	254	254	254	254	255	255	254	254	254	254	254	253	253	253	255	255	254	254	254	255	254	253	253	253	253	254	255	255	254	253	253	254	254	255	255	255	254	255	254	253	253	253	253	253	253	254	254	255	255	255	254	254	254	254	254	255	255	255	254	254	255	255	255	255	255	255	255	255	255	255	255	255	255	255	255	255	255	255	255	255	255	255	255	255	255	255	255	255	255	255	255	255	255	255	255	255	255	255
255	255	255	255	255	255	255	255	255	255	255	255	255	255	255	255	255	255	255	255	255	255	254	254	254	254	254	253	253	253	254	254	254	254	254	255	255	255	254	254	254	254	254	254	254	254	255	255	255	255	255	255	255	254	253	253	254	255	254	254	255	254	253	253	252	252	253	253	255	254	253	253	253	253	254	254	254	254	254	254	253	253	252	252	251	252	253	253	253	254	254	254	255	255	255	255	255	255	255	255	255	255	255	255	255	255	255	255	255	255	255	255	255	255	255	255	255	255	255	255	255	255	255	255	255	255	255	255	255	255	255	255	255	255	255	255	255	255	255	255
255	255	255	255	255	255	255	255	255	255	255	255	255	255	255	255	255	255	255	255	255	254	253	252	252	253	253	253	254	254	254	254	254	254	254	254	254	254	255	255	255	255	255	255	255	255	255	255	254	254	254	254	254	255	254	254	254	254	254	254	254	255	254	253	253	253	253	254	254	255	254	253	254	254	254	254	255	254	254	254	253	253	253	252	252	252	253	253	253	253	253	253	253	254	254	255	255	255	254	254	254	254	255	255	255	255	255	255	255	255	255	255	255	255	255	255	255	255	255	255	255	255	255	255	255	255	255	255	255	255	255	255	255	255	255	255	255	255	255	255
255	255	255	255	255	255	255	255	255	255	255	255	255	255	255	255	255	255	255	255	255	254	252	251	252	253	253	254	255	255	254	255	255	254	254	253	253	254	255	254	254	254	255	255	255	254	254	254	254	254	254	254	254	254	255	255	254	253	252	253	253	254	255	254	253	253	254	255	254	255	254	254	254	255	255	255	255	255	255	254	254	255	254	254	254	254	254	253	253	253	253	253	253	253	253	254	255	255	254	253	253	253	254	255	255	255	255	255	255	255	255	255	255	255	255	255	255	255	255	255	255	255	255	255	255	255	255	255	255	255	255	255	255	255	255	255	255	255	255	255
255	255	255	255	255	255	255	255	255	255	255	255	255	255	255	255	255	255	255	255	255	254	253	252	253	253	254	254	254	253	253	253	254	254	254	254	253	254	253	252	252	253	254	254	254	254	254	255	255	255	255	255	255	255	254	254	253	252	252	252	252	253	254	255	254	254	255	254	254	254	254	254	254	254	255	254	254	254	253	253	252	252	252	252	252	253	254	255	255	254	254	253	253	253	253	254	255	255	254	253	253	253	254	255	255	255	255	255	255	255	255	255	255	255	255	255	255	255	255	255	255	255	255	255	255	255	255	255	255	255	255	255	255	255	255	255	255	255	255	255
255	255	255	255	255	255	255	255	255	255	255	255	255	255	255	255	255	255	255	255	255	255	253	253	254	255	254	253	253	252	252	252	253	254	254	254	253	253	254	253	254	254	255	255	254	253	253	253	252	252	252	252	252	253	254	255	254	254	253	254	254	254	254	253	253	253	253	254	255	254	253	252	252	253	253	254	255	255	254	253	252	251	251	251	251	251	253	254	254	254	255	254	254	253	254	254	254	255	254	254	253	254	255	255	255	255	255	255	255	255	255	255	255	255	255	255	255	255	255	255	255	255	255	255	255	255	255	255	255	255	255	255	255	255	255	255	255	255	255	255
255	255	255	255	255	255	255	255	255	255	255	255	255	255	255	255	255	255	255	255	255	255	254	250	253	254	250	250	251	251	247	252	253	254	242	254	253	253	248	254	254	253	251	251	250	247	248	245	203	220	237	206	216	246	249	245	252	253	242	246	253	236	191	211	236	248	249	250	250	250	247	247	246	236	243	250	251	247	252	255	254	249	252	251	249	248	251	252	252	253	248	248	255	255	254	254	255	255	255	254	254	254	255	255	255	255	255	255	255	255	255	255	255	255	255	255	255	255	255	255	255	255	255	255	255	255	255	255	255	255	255	255	255	255	255	255	255	255	255	255
255	255	255	255	255	255	255	255	255	255	255	255	255	255	255	255	255	255	255	255	255	255	253	252	253	253	253	253	250	246	252	253	245	248	248	252	250	249	250	249	233	186	147	137	146	155	161	141	98	107	116	94	111	142	147	169	234	247	244	248	247	152	108	103	120	171	222	231	190	143	134	128	117	123	169	228	246	246	248	250	252	253	254	250	254	253	252	246	245	250	254	254	255	255	255	255	255	255	255	255	255	255	255	255	255	255	255	255	255	255	255	255	255	255	255	255	255	255	255	255	255	255	255	255	255	255	255	255	255	255	255	255	255	255	255	255	255	255	255	255
255	255	255	255	255	255	255	255	255	255	255	255	255	255	255	255	255	255	255	255	255	255	253	251	250	247	248	253	253	254	251	247	252	251	249	244	245	246	244	229	185	131	98	90	91	90	93	85	74	85	89	79	91	103	89	100	171	219	240	240	184	107	82	82	83	86	90	92	91	90	85	89	84	78	95	131	152	153	162	190	236	247	246	248	250	242	251	253	254	254	248	242	244	249	255	255	255	255	255	255	255	255	255	255	255	255	255	255	255	255	255	255	255	255	255	255	255	255	255	255	255	255	255	255	255	255	255	255	255	255	255	255	255	255	255	255	255	255	255	255
255	255	255	255	255	255	255	255	255	255	255	255	255	255	255	255	255	255	255	255	255	254	252	253	254	253	254	254	249	246	250	245	247	245	234	155	116	103	113	101	84	74	80	92	94	89	89	88	92	98	91	87	89	83	90	79	102	142	191	164	84	95	90	92	90	84	79	78	82	89	85	98	101	88	79	83	85	82	77	110	150	152	161	225	244	244	251	253	253	250	254	255	255	255	254	254	254	255	255	255	255	255	255	255	255	255	255	255	255	255	255	255	255	255	255	255	255	255	255	255	255	255	255	255	255	255	255	255	255	255	255	255	255	255	255	255	255	255	255	255
255	255	255	255	255	255	255	255	255	255	255	255	255	255	255	255	255	255	255	255	255	254	252	254	251	252	252	250	248	246	243	175	126	107	120	91	92	97	87	94	99	94	86	85	86	87	92	89	93	88	82	88	90	89	93	90	94	85	99	101	76	88	85	87	90	95	100	101	97	92	90	88	85	83	88	96	94	86	85	91	95	76	83	157	203	180	212	246	248	246	248	252	254	255	255	254	254	254	255	255	255	255	255	255	255	255	255	255	255	255	255	255	255	255	255	255	255	255	255	255	255	255	255	255	255	255	255	255	255	255	255	255	255	255	255	255	255	255	255	255
255	255	255	255	255	255	255	255	255	255	255	255	255	255	255	255	255	255	255	255	255	255	255	254	252	251	249	234	206	212	172	120	87	86	100	86	81	83	80	82	84	85	88	91	93	94	90	89	94	86	87	97	89	92	88	82	94	93	72	82	105	87	88	93	96	90	82	79	85	91	90	90	90	89	89	90	89	87	97	87	89	89	85	97	100	79	123	179	219	239	248	250	248	253	255	254	254	254	254	255	255	255	255	255	255	255	255	255	255	255	255	255	255	255	255	255	255	255	255	255	255	255	255	255	255	255	255	255	255	255	255	255	255	255	255	255	255	255	255	255
255	255	255	255	255	255	255	255	255	255	255	255	255	255	255	255	255	255	255	255	255	255	252	253	250	248	238	167	98	91	105	95	84	90	86	86	88	98	107	95	86	86	89	91	87	82	87	90	94	81	93	98	73	82	94	96	77	96	99	79	92	83	89	88	89	94	100	99	91	83	81	87	97	98	89	83	85	91	88	83	84	90	90	86	85	87	88	97	117	180	245	248	246	253	255	254	254	254	254	254	255	255	255	255	255	255	255	255	255	255	255	255	255	255	255	255	255	255	255	255	255	255	255	255	255	255	255	255	255	255	255	255	255	255	255	255	255	255	255	255
255	255	255	255	255	255	255	254	254	255	254	253	252	252	253	253	252	251	250	249	250	249	244	225	187	175	166	111	73	95	87	90	84	96	89	97	89	88	81	84	91	92	87	84	87	93	87	89	90	82	118	142	130	161	126	176	88	86	152	111	82	92	88	89	89	89	87	88	89	92	97	87	80	82	88	90	90	90	93	110	112	101	95	89	84	87	91	88	85	109	130	120	161	250	252	254	255	255	254	254	254	254	255	254	255	255	255	255	255	255	255	255	255	255	255	254	254	254	254	255	255	255	255	255	255	255	255	255	255	255	254	255	255	255	255	255	255	255	255	255
255	255	255	255	255	255	251	254	247	254	248	249	246	243	246	247	245	239	198	169	173	182	205	136	87	87	90	85	89	95	91	87	87	91	89	84	86	93	86	90	88	83	87	93	91	84	86	95	89	76	155	248	252	247	247	195	87	108	83	87	93	89	88	88	89	90	91	90	88	89	92	86	93	96	81	86	96	86	156	208	237	197	189	193	78	95	94	85	85	101	88	89	100	192	246	250	248	248	255	250	253	254	254	252	253	249	254	254	253	254	255	254	254	254	254	253	253	254	254	255	255	255	254	254	254	253	254	254	255	255	254	254	253	254	255	255	255	255	255	255
255	255	255	255	255	255	253	251	252	255	250	202	166	128	108	113	128	127	101	87	94	102	132	98	80	87	90	86	85	86	89	87	85	87	89	89	89	90	95	85	86	93	86	80	91	118	141	102	101	141	216	247	248	251	250	210	90	86	78	98	98	79	88	88	89	91	92	91	88	89	102	96	127	149	132	131	149	147	212	235	252	251	251	248	156	106	82	86	100	83	81	89	99	135	192	239	248	251	251	254	253	253	248	253	252	254	254	252	248	255	255	254	254	254	254	254	254	254	254	255	255	255	254	254	253	253	254	254	255	255	254	254	253	253	255	255	255	255	255	255
255	255	255	255	255	255	254	247	254	253	226	134	101	74	82	80	89	92	81	79	83	84	86	82	85	92	93	90	89	89	92	91	88	87	88	89	87	83	91	83	89	102	96	83	95	124	175	114	118	177	215	213	196	207	242	233	128	97	89	118	111	89	88	88	89	91	91	90	88	88	87	97	184	247	250	248	248	245	245	251	254	247	231	254	248	156	141	91	88	75	94	85	88	87	113	139	216	246	251	254	242	249	252	252	253	253	253	250	246	254	255	255	254	254	254	253	253	254	255	255	255	255	255	254	254	254	254	255	255	254	254	254	254	254	255	255	255	255	255	255
255	255	255	255	255	255	254	253	255	248	172	90	85	96	102	91	91	92	87	89	93	88	86	87	85	86	89	86	85	91	89	93	93	91	90	93	92	88	89	88	86	85	85	87	88	88	109	78	84	110	108	99	98	100	223	239	182	138	112	114	96	86	88	88	89	90	91	90	88	88	83	78	161	248	251	246	250	245	248	248	242	253	252	252	252	245	214	145	112	93	90	83	91	88	83	91	140	131	166	251	255	253	252	252	249	248	252	252	249	254	254	254	254	253	253	253	252	253	255	255	255	255	255	255	255	255	255	255	254	254	254	254	254	254	255	255	255	255	255	255
255	255	255	255	255	255	245	255	253	249	139	83	79	95	88	82	84	88	89	92	95	85	92	94	86	87	96	89	84	93	80	84	89	87	86	88	89	91	100	99	92	85	86	90	91	87	84	84	92	93	80	82	95	85	76	121	105	93	91	91	84	95	88	88	89	90	90	90	88	88	100	85	150	236	251	251	246	243	243	244	248	248	253	244	240	247	246	244	216	159	85	86	95	91	99	82	97	75	101	197	237	253	250	253	253	247	254	254	254	253	255	254	254	253	253	253	253	253	255	255	255	255	255	255	254	254	254	254	254	254	254	254	254	254	255	255	255	255	255	255
255	255	255	255	255	255	248	255	251	247	132	97	84	91	92	90	94	96	90	92	91	80	75	93	88	81	93	90	80	88	93	92	94	96	93	87	87	90	82	84	89	94	93	88	89	98	84	87	85	93	89	86	95	83	80	96	91	91	94	88	79	86	88	88	89	89	90	89	88	88	92	77	108	158	167	145	123	106	107	187	245	245	248	247	212	200	224	233	202	176	104	86	88	91	100	74	89	107	100	108	156	242	248	251	249	245	252	252	250	242	253	254	254	254	254	254	254	254	255	255	255	255	254	254	254	253	253	254	254	254	254	254	254	255	255	255	255	255	255	255
255	255	255	255	255	254	253	254	248	246	138	99	93	97	91	91	93	88	79	84	97	96	102	143	130	87	87	102	105	112	93	81	80	93	98	89	85	89	93	93	91	87	86	88	87	85	89	97	81	91	99	86	89	82	87	81	84	89	93	93	89	94	88	88	89	89	89	89	88	88	90	84	78	86	94	91	90	98	85	109	166	157	157	111	76	107	105	103	86	109	109	83	85	95	86	96	97	79	71	84	127	177	241	242	237	240	244	245	248	249	251	252	253	254	254	254	253	254	255	255	255	255	254	254	253	253	253	253	253	254	254	254	254	254	255	255	255	255	255	255
255	255	255	255	255	254	251	250	252	245	148	86	90	95	91	92	93	89	87	113	150	165	194	238	218	136	119	152	174	186	162	143	144	172	193	190	187	193	194	182	137	87	86	117	120	94	79	103	82	82	92	81	90	91	93	82	93	90	86	86	87	90	88	88	88	88	88	88	88	88	84	99	94	86	89	86	84	94	96	80	93	79	96	85	86	94	82	100	85	74	98	78	93	84	85	96	83	86	97	88	89	101	153	133	122	136	149	151	183	235	247	248	250	252	253	254	254	254	254	254	254	255	255	254	254	253	253	253	253	254	254	254	254	254	255	255	255	255	255	255
255	255	255	255	255	254	248	250	252	245	173	89	82	90	89	89	96	84	83	135	242	245	245	243	246	246	239	247	248	247	249	232	250	250	241	250	249	250	251	250	215	123	99	168	181	135	162	126	132	110	83	89	84	88	88	78	88	91	79	86	96	89	95	91	83	86	92	85	82	93	88	88	88	88	90	91	93	92	90	88	88	88	88	88	88	90	88	88	88	88	88	88	88	88	88	88	88	88	89	90	90	90	109	87	81	90	86	83	122	176	198	177	180	219	247	249	248	250	245	252	253	253	253	251	249	255	250	254	254	253	254	250	246	254	255	255	255	255	255	255
255	255	255	255	255	254	252	254	243	174	113	91	81	99	97	84	91	150	161	207	248	249	249	249	251	251	242	248	253	247	254	241	254	254	253	253	245	250	254	254	246	206	196	234	245	245	240	244	243	166	83	97	120	104	118	107	97	98	83	81	95	74	77	91	93	85	86	91	90	88	88	88	88	88	89	90	91	91	90	88	88	88	88	88	88	90	91	90	89	88	88	88	88	88	88	88	88	88	89	90	91	91	89	87	91	96	90	80	86	101	93	83	89	114	138	165	210	245	248	250	244	244	251	251	251	251	253	253	254	253	254	254	254	253	255	255	255	255	255	255
255	255	255	255	255	255	242	254	236	126	83	97	70	91	85	85	123	239	238	250	246	251	253	253	253	254	254	254	253	253	253	250	254	254	254	254	250	253	247	250	251	250	249	249	249	251	252	251	250	242	190	182	193	153	129	109	220	193	164	183	92	105	88	93	92	86	86	90	91	90	90	89	88	88	88	88	88	90	90	90	90	88	88	88	88	88	90	91	90	89	88	88	88	88	88	88	88	88	88	89	89	88	84	90	91	85	85	89	85	76	86	83	87	90	84	89	128	172	182	231	246	246	235	216	228	248	248	250	251	253	247	253	255	248	255	255	255	255	255	255
255	255	255	255	255	255	247	251	237	130	98	110	97	137	126	86	97	219	250	254	254	255	251	253	253	253	253	252	248	253	246	254	255	244	252	251	236	240	243	245	245	242	245	247	239	245	243	250	249	253	250	246	241	124	86	113	217	245	245	244	188	147	164	118	91	96	94	83	86	94	91	91	89	88	88	88	88	88	90	92	92	91	90	88	88	88	89	90	90	90	89	89	89	88	88	88	88	88	88	88	88	88	86	90	87	80	84	97	99	91	90	89	94	99	91	81	83	95	100	125	135	125	112	109	130	163	196	225	245	250	252	252	252	255	255	255	255	255	255	255
255	255	255	255	255	253	251	241	162	85	70	80	116	170	155	132	166	232	254	253	253	254	252	253	253	251	252	248	246	255	254	252	234	245	246	230	149	105	104	120	125	114	140	174	186	214	253	254	251	253	251	253	248	153	79	134	213	248	247	249	244	239	211	137	89	92	93	84	87	91	93	92	91	89	88	88	88	89	91	92	93	93	91	90	88	88	88	88	89	89	89	90	90	90	89	89	88	88	88	88	88	88	85	86	90	93	93	90	86	85	85	82	83	89	93	92	90	91	105	97	79	74	87	93	91	95	109	140	152	192	249	251	239	254	255	255	255	255	255	255
255	255	255	255	255	253	246	195	112	89	95	103	137	158	101	148	242	249	254	237	246	254	253	254	253	249	247	254	255	253	249	240	207	204	183	105	70	90	86	83	91	84	79	77	86	126	247	246	252	253	251	242	250	241	172	203	251	253	234	252	248	243	164	108	81	86	84	88	93	86	91	91	90	90	88	88	88	88	88	90	91	92	91	90	89	88	88	88	88	89	89	89	90	90	89	89	89	88	88	88	88	88	90	85	87	94	92	83	83	88	94	94	93	93	92	90	92	92	81	93	97	96	98	89	81	83	81	85	75	130	239	249	243	247	255	255	255	255	255	255
255	255	255	255	255	251	192	114	86	94	102	122	120	94	81	123	218	232	254	250	254	255	254	251	254	254	250	253	252	235	246	184	84	72	96	85	89	99	95	76	90	103	96	88	88	114	159	224	251	250	244	254	254	247	247	248	233	253	252	254	250	163	105	86	109	135	113	92	92	88	88	88	88	90	89	88	88	88	88	88	88	88	88	88	89	89	89	88	88	88	88	88	88	88	88	88	88	88	88	88	88	88	94	88	86	87	87	87	90	96	83	87	91	90	87	87	87	87	93	89	81	80	89	93	91	93	101	94	86	115	186	245	250	253	255	255	255	255	255	255
255	255	255	255	255	251	171	82	91	87	84	133	121	83	117	166	246	251	253	250	248	254	254	250	255	255	250	252	239	185	101	115	89	86	93	87	94	84	134	88	83	86	86	92	88	84	83	163	243	250	253	253	242	253	252	248	255	249	245	253	243	198	109	105	167	213	167	96	85	95	88	88	88	90	90	89	88	88	88	88	88	88	88	88	89	90	89	89	88	88	88	88	88	88	88	88	88	88	88	88	88	89	89	89	88	88	89	93	89	84	90	89	85	83	86	92	92	87	86	95	96	95	96	90	88	91	85	86	102	95	98	176	248	252	255	255	255	255	255	255
255	255	255	255	254	251	186	91	90	90	94	86	85	92	135	245	251	246	253	251	253	252	251	246	253	255	246	251	202	113	92	91	64	100	99	115	157	191	189	112	85	85	80	98	85	89	85	115	146	243	250	253	247	249	252	251	248	251	248	218	207	185	192	115	185	209	145	81	87	91	88	88	89	89	89	89	88	88	88	88	88	88	88	89	89	89	89	89	90	89	89	90	89	89	89	89	89	89	88	88	88	88	88	88	88	88	88	88	88	88	88	88	88	88	88	88	88	88	88	89	90	91	91	90	88	88	84	87	109	104	83	153	248	250	255	255	255	255	255	255
255	255	255	255	254	251	188	88	87	84	88	89	90	87	186	246	251	252	254	247	253	254	252	251	255	249	254	250	227	131	80	91	108	91	136	233	181	125	85	122	88	157	136	82	78	92	90	89	112	232	248	254	240	247	249	247	253	248	213	107	99	121	112	82	124	155	135	97	85	82	88	88	88	88	88	88	88	88	88	88	88	88	88	88	88	88	89	89	89	89	90	90	89	89	89	89	88	88	88	88	88	88	88	88	88	88	88	88	88	88	88	88	88	88	88	88	88	88	88	89	90	90	89	88	88	88	100	84	91	100	102	179	249	246	255	255	255	255	255	255
255	255	255	255	253	248	183	83	89	89	87	90	94	85	158	239	249	253	255	254	254	235	255	252	252	251	253	217	203	127	92	85	111	84	131	222	143	85	85	104	88	126	219	105	104	84	93	78	83	190	232	253	251	248	250	253	253	236	181	93	92	105	88	100	81	88	95	92	90	100	89	88	88	88	88	88	88	88	88	88	88	88	88	88	88	88	88	88	88	88	89	89	89	89	88	88	88	88	88	88	88	88	88	88	88	88	88	88	88	88	88	88	88	88	88	88	88	88	88	88	88	89	88	88	88	88	85	82	90	92	65	132	242	254	255	255	255	255	255	255
255	255	255	255	253	248	184	80	90	95	89	87	92	88	103	188	241	249	248	252	252	253	255	246	253	253	227	112	114	84	89	88	108	108	108	115	85	84	86	87	88	101	146	108	71	98	96	91	79	120	165	243	254	242	247	250	251	245	216	136	108	86	81	122	93	100	91	89	89	91	89	88	88	88	88	88	88	88	88	88	88	88	88	88	88	88	88	88	88	88	88	88	88	88	88	88	88	88	88	88	88	88	88	88	88	88	88	88	88	88	88	88	88	88	88	88	88	88	89	88	88	88	88	88	88	88	90	83	91	115	93	146	230	254	255	255	255	255	255	255
255	255	255	255	253	252	211	94	85	86	88	89	91	88	88	105	147	192	187	179	220	247	248	249	248	246	211	88	97	91	87	92	129	115	97	86	73	92	102	73	82	82	91	124	91	84	83	93	87	90	133	234	248	250	252	250	248	245	228	130	109	112	92	110	89	107	87	87	94	89	88	88	88	88	88	88	88	88	88	88	88	88	88	88	88	88	88	88	88	88	88	88	88	88	88	88	88	88	88	88	88	88	88	88	88	88	88	88	88	88	88	88	88	88	88	88	88	88	89	88	88	88	88	88	88	89	97	89	102	159	148	186	240	254	255	255	255	255	255	255
255	255	255	255	252	254	245	139	103	77	86	93	89	86	91	74	78	97	97	99	127	156	160	165	162	149	138	79	92	85	92	101	194	187	190	180	98	87	92	79	111	95	85	99	187	132	82	84	93	92	121	194	222	223	179	166	158	149	132	80	87	92	112	89	78	89	81	87	98	90	88	88	88	88	88	88	88	88	88	88	88	88	88	88	88	88	88	88	88	88	88	88	88	88	88	88	88	88	88	88	88	88	88	88	88	88	88	88	88	88	88	88	88	88	88	88	88	88	90	89	88	88	88	88	89	90	78	92	151	242	248	252	254	253	255	255	255	255	255	255
255	255	255	255	254	255	252	206	171	100	88	92	87	88	94	96	92	77	76	88	87	81	87	94	91	82	94	93	96	91	89	147	241	244	246	238	170	130	131	100	57	94	79	133	220	111	97	83	94	84	88	116	115	113	81	94	97	88	101	90	98	78	94	82	92	94	100	93	85	80	88	88	88	88	88	88	88	88	88	88	88	88	88	88	88	88	88	88	88	88	88	88	88	88	88	88	88	88	88	88	89	89	88	88	88	88	88	88	88	88	88	88	88	88	88	88	88	89	91	90	88	88	88	88	90	91	105	82	91	209	236	254	254	253	255	255	255	255	255	255
255	255	255	255	254	255	255	253	242	135	91	86	84	94	85	89	96	93	94	90	85	94	88	86	85	84	90	93	84	91	94	205	231	156	138	182	241	227	165	112	101	83	103	97	208	80	88	78	94	82	88	112	102	89	89	85	85	86	91	77	94	97	91	88	103	78	90	85	82	106	88	88	88	88	88	88	88	88	88	88	88	88	88	88	88	88	88	88	88	88	88	88	88	88	88	88	88	88	89	90	90	90	88	88	88	88	88	88	88	88	88	88	88	88	88	88	88	89	92	91	88	88	88	88	91	92	87	95	139	245	251	255	245	254	255	255	255	255	255	255
255	255	255	255	249	254	252	253	250	191	141	126	95	86	87	86	97	87	94	87	95	92	89	85	82	86	87	89	88	90	96	199	195	83	77	118	123	196	150	98	83	102	111	182	133	93	86	91	84	95	84	93	87	90	84	92	92	90	93	89	87	92	89	86	89	90	82	84	91	88	94	87	88	89	88	92	92	84	84	84	86	89	91	90	88	89	90	89	88	88	90	91	90	88	91	93	86	87	90	90	94	89	88	88	88	88	88	88	88	88	90	89	88	87	87	87	88	90	87	96	92	83	88	91	90	90	84	89	138	245	252	254	255	254	255	255	255	255	255	255
255	255	255	255	254	255	254	247	253	250	246	240	189	171	114	83	86	112	123	89	76	80	92	85	91	95	100	85	86	89	83	206	189	95	93	75	89	85	79	86	114	115	149	233	154	85	91	91	86	93	91	96	88	86	98	89	83	83	87	90	87	83	90	88	93	96	90	91	94	88	87	89	94	95	89	89	92	90	98	90	86	87	89	90	88	86	92	89	87	87	89	90	87	84	85	94	92	89	87	86	89	89	88	88	88	88	88	88	88	88	87	87	87	87	88	88	88	90	96	97	86	79	83	86	88	92	100	75	96	205	241	252	254	248	255	255	255	255	255	255
255	255	255	255	253	252	252	252	249	249	253	251	245	248	232	197	185	216	207	165	128	132	137	119	125	109	113	81	90	94	129	215	240	150	136	90	88	89	99	80	85	89	136	204	97	81	80	82	89	85	88	82	87	86	86	83	96	97	80	81	94	92	98	89	87	84	80	83	89	86	97	92	86	82	80	82	87	92	89	90	89	86	84	85	89	94	82	89	96	93	85	81	89	99	84	90	87	85	95	97	87	84	88	88	88	88	88	88	88	88	85	86	86	87	88	88	88	89	87	91	89	94	101	93	83	85	95	83	118	226	251	253	253	253	255	255	255	255	255	255
255	255	255	255	249	248	236	253	252	241	245	248	248	249	249	248	246	248	245	245	224	224	235	230	236	213	220	186	196	187	187	239	242	242	225	119	119	90	106	124	97	90	153	222	132	103	99	87	94	93	123	122	130	120	81	82	113	124	102	105	122	115	83	80	89	97	96	98	97	87	84	85	86	95	105	100	88	83	83	86	90	93	97	97	91	85	97	88	83	85	94	98	91	82	82	88	84	74	87	97	86	93	88	88	88	88	88	88	88	88	86	86	87	88	88	87	86	87	88	89	86	87	90	80	80	95	77	113	178	248	251	251	247	250	255	255	255	255	255	255
255	255	255	255	168	157	153	177	175	171	183	188	184	180	159	177	174	180	170	193	185	181	196	204	229	205	219	196	202	181	132	118	169	183	224	242	195	216	196	188	86	83	136	195	178	183	161	136	137	156	217	235	237	228	242	229	238	247	238	242	240	214	118	105	98	90	79	79	84	80	89	92	85	83	90	82	78	90	90	96	95	84	76	78	82	85	87	90	92	89	85	82	84	87	87	103	107	83	90	96	76	93	88	88	88	88	88	88	88	88	88	88	88	88	87	86	86	86	84	89	90	91	90	81	87	110	154	196	238	248	247	252	253	254	255	255	255	255	255	255
255	255	255	255	103	91	89	85	74	82	84	82	94	90	91	90	85	92	90	93	85	82	77	82	99	78	93	87	100	87	93	94	73	100	175	238	250	248	242	202	83	107	107	97	106	137	198	186	178	171	181	179	178	169	193	184	197	216	225	242	247	245	229	215	204	191	175	177	188	189	166	176	161	136	116	88	84	113	115	118	131	163	194	194	151	100	104	116	127	127	121	121	132	144	108	127	145	143	177	176	108	94	88	88	88	88	88	88	88	88	90	89	88	87	87	87	88	88	85	90	84	81	88	101	129	163	244	248	248	249	248	251	253	254	255	255	255	255	255	255
255	255	255	255	91	80	84	88	93	105	86	83	103	78	84	81	87	86	90	82	90	99	101	91	88	82	85	78	86	91	83	87	106	110	197	251	244	252	252	240	154	133	76	81	97	99	83	94	97	94	74	74	79	94	90	95	100	96	87	89	102	113	134	145	170	186	181	177	176	168	178	202	203	194	179	132	101	117	215	231	231	198	150	130	144	162	146	125	112	129	161	178	165	144	234	236	236	219	232	211	108	76	88	88	88	88	88	88	88	88	90	88	87	86	87	90	93	95	158	148	118	98	117	163	214	246	249	251	250	249	248	251	240	255	255	255	255	255	255	255
255	255	255	255	104	90	96	110	115	115	102	135	169	114	110	122	139	112	106	98	130	145	123	109	109	128	122	96	82	91	92	106	96	133	249	252	253	247	254	249	244	248	168	117	83	82	87	90	81	96	86	99	87	89	86	91	86	84	89	88	86	91	84	85	94	94	82	82	93	95	86	94	81	82	101	88	76	100	108	107	96	83	82	91	93	85	85	87	90	90	89	90	92	95	106	128	137	99	113	119	74	98	88	88	88	88	88	88	88	88	88	87	85	85	87	92	97	100	106	112	103	97	119	148	169	184	160	157	166	172	158	163	151	198	255	255	255	255	255	255
255	255	255	255	216	208	195	235	246	221	210	233	245	236	197	231	248	240	233	243	248	248	233	248	227	223	250	240	194	196	195	211	233	248	253	254	254	254	254	254	255	253	246	221	185	159	97	100	104	106	104	99	92	88	89	85	87	92	87	77	79	90	88	92	95	92	86	83	86	90	94	89	87	90	91	87	85	86	91	90	87	85	84	86	89	92	87	87	85	90	93	81	79	92	87	84	88	94	91	82	85	97	86	97	82	80	98	89	76	93	78	89	86	80	87	90	87	89	83	88	92	91	86	84	86	90	97	80	84	97	92	82	85	89	255	255	255	255	255	255
255	255	255	255	253	253	243	254	254	254	247	254	254	254	240	254	254	254	247	252	254	252	254	254	248	245	254	254	245	254	247	252	254	254	254	251	253	255	253	251	252	255	255	251	240	230	222	222	220	214	205	194	183	177	188	185	187	191	186	177	179	189	164	164	160	151	135	113	90	76	85	84	87	91	90	88	91	97	77	86	96	100	95	88	84	84	88	88	83	84	89	89	102	128	134	121	110	102	92	84	92	107	91	90	78	100	156	173	162	169	166	165	153	139	124	100	88	97	85	98	103	95	90	94	93	86	90	82	82	84	84	94	98	89	255	255	255	255	255	255
255	255	255	255	252	254	254	254	254	255	255	250	250	255	255	255	255	255	254	255	255	255	254	255	250	246	255	255	253	255	255	255	255	255	251	250	254	255	254	253	251	252	255	254	253	252	250	249	249	248	248	247	246	247	250	250	250	251	250	245	246	249	248	248	248	247	245	230	203	182	193	190	182	168	146	126	119	121	162	177	193	197	190	180	174	173	175	177	172	170	174	179	198	228	229	216	200	187	175	170	179	193	184	177	163	187	240	248	247	247	248	248	245	245	238	217	214	233	168	185	186	165	154	157	149	131	132	132	128	117	121	146	151	129	255	255	255	255	255	255
255	255	255	255	249	254	255	250	249	255	255	252	251	255	255	250	249	252	254	254	255	255	255	255	255	255	252	251	253	250	250	252	255	255	253	253	255	255	255	255	255	254	251	250	250	249	252	251	251	251	251	251	251	252	254	254	254	254	255	251	252	254	254	251	251	253	253	252	251	242	251	251	251	251	251	247	249	251	245	250	251	251	251	250	250	251	248	251	251	249	251	249	252	252	252	252	252	251	249	246	251	252	252	251	244	248	254	255	255	255	251	253	252	254	253	248	246	251	248	250	249	249	249	249	248	247	240	242	240	228	226	245	246	232	255	255	255	255	255	255
255	255	255	255	255	255	255	255	255	255	255	255	255	255	255	254	254	255	255	251	251	255	255	251	255	255	255	255	255	254	252	254	255	255	255	254	253	253	251	254	254	254	254	252	251	251	255	255	255	255	254	253	252	252	254	252	252	254	253	252	252	254	254	254	252	253	254	254	254	254	254	254	254	254	255	250	249	250	255	254	252	251	253	254	255	255	255	255	255	255	255	254	247	254	251	251	254	255	255	255	255	255	254	255	254	254	251	245	246	252	252	252	253	251	254	254	252	254	249	247	249	254	255	253	254	254	254	253	253	253	248	253	253	251	255	255	255	255	255	255
255	255	255	255	255	255	255	255	255	255	255	255	255	255	255	255	255	255	255	255	255	255	255	255	255	255	255	255	255	252	255	255	255	254	253	254	255	255	254	254	254	254	254	255	255	255	249	249	250	252	252	253	253	253	254	254	254	254	254	254	255	255	255	255	255	254	254	252	252	253	254	250	250	254	254	254	254	254	254	253	250	251	254	254	254	251	254	254	252	251	254	254	250	253	254	254	254	254	254	253	253	254	255	254	254	254	253	252	252	252	247	252	250	246	254	254	254	254	253	252	252	252	252	244	243	251	253	250	254	254	253	250	254	255	255	255	255	255	255	255
255	255	255	255	255	255	255	255	255	255	255	255	255	255	255	255	255	255	255	255	255	255	255	255	255	255	255	255	255	255	255	253	251	251	253	255	255	255	254	254	254	253	253	254	255	254	254	254	253	253	252	252	251	251	254	252	253	252	252	253	253	252	251	252	253	253	253	253	253	253	254	253	253	253	253	250	249	252	253	253	253	253	253	253	253	254	253	254	254	252	254	254	254	254	254	254	254	254	253	253	253	252	253	251	250	254	253	254	255	252	255	255	255	252	254	253	249	254	251	248	248	251	253	253	253	254	253	250	254	254	253	253	254	255	255	255	255	255	255	255
255	255	255	255	255	255	255	255	255	255	255	255	255	255	255	255	255	255	255	255	255	255	255	255	255	255	255	255	255	255	254	255	255	255	255	255	254	252	255	254	253	254	255	255	254	252	251	252	251	251	252	253	252	254	254	252	252	251	252	253	253	252	253	253	253	253	253	253	253	253	250	252	254	254	254	252	254	254	253	254	254	253	252	252	254	254	249	254	254	254	254	254	250	254	252	253	254	254	254	254	254	253	253	248	252	253	253	254	254	254	254	251	249	254	253	249	248	253	252	254	254	253	254	254	254	247	254	253	255	254	250	255	255	248	255	255	255	255	255	255
255	255	255	255	255	255	255	255	255	255	255	255	255	255	255	255	255	255	255	255	255	255	255	255	255	255	255	255	255	255	255	255	255	255	255	255	255	255	255	255	255	255	255	255	255	255	255	255	255	255	255	255	255	255	255	255	255	255	255	255	255	255	255	255	255	255	255	255	255	255	255	255	255	255	255	255	255	255	255	255	255	255	255	255	255	255	255	255	255	255	255	255	255	255	255	255	255	255	255	255	255	255	255	255	255	255	255	255	255	255	255	255	255	255	255	255	255	255	255	255	255	255	255	255	255	255	255	255	255	255	255	255	255	255	255	255	255	255	255	255
255	255	255	255	255	255	255	255	255	255	255	255	255	255	255	255	255	255	255	255	255	255	255	255	255	255	255	255	255	255	255	255	255	255	255	255	255	255	255	255	255	255	255	255	255	255	255	255	255	255	255	255	255	255	255	255	255	255	255	255	255	255	255	255	255	255	255	255	255	255	255	255	255	255	255	255	255	255	255	255	255	255	255	255	255	255	255	255	255	255	255	255	255	255	255	255	255	255	255	255	255	255	255	255	255	255	255	255	255	255	255	255	255	255	255	255	255	255	255	255	255	255	255	255	255	255	255	255	255	255	255	255	255	255	255	255	255	255	255	255
255	255	255	255	255	255	255	255	255	255	255	255	255	255	255	255	255	255	255	255	255	255	255	255	255	255	255	255	255	255	255	255	255	255	255	255	255	255	255	255	255	255	255	255	255	255	255	255	255	255	255	255	255	255	255	255	255	255	255	255	255	255	255	255	255	255	255	255	255	255	255	255	255	255	255	255	255	255	255	255	255	255	255	255	255	255	255	255	255	255	255	255	255	255	255	255	255	255	255	255	255	255	255	255	255	255	255	255	255	255	255	255	255	255	255	255	255	255	255	255	255	255	255	255	255	255	255	255	255	255	255	255	255	255	255	255	255	255	255	255
255	255	255	255	255	255	255	255	255	255	255	255	255	255	255	255	255	255	255	255	255	255	255	255	255	255	255	255	255	255	255	255	255	255	255	255	255	255	255	255	255	255	255	255	255	255	255	255	255	255	255	255	255	255	255	255	255	255	255	255	255	255	255	255	255	255	255	255	255	255	255	255	255	255	255	255	255	255	255	255	255	255	255	255	255	255	255	255	255	255	255	255	255	255	255	255	255	255	255	255	255	255	255	255	255	255	255	255	255	255	255	255	255	255	255	255	255	255	255	255	255	255	255	255	255	255	255	255	255	255	255	255	255	255	255	255	255	255	255	255
255	255	255	255	255	255	255	255	255	255	255	255	255	255	255	255	255	255	255	255	255	255	255	255	255	255	255	255	255	255	255	255	255	255	255	255	255	255	255	255	255	255	255	255	255	255	255	255	255	255	255	255	255	255	255	255	255	255	255	255	255	255	255	255	255	255	255	255	255	255	255	255	255	255	255	255	255	255	255	255	255	255	255	255	255	255	255	255	255	255	255	255	255	255	255	255	255	255	255	255	255	255	255	255	255	255	255	255	255	255	255	255	255	255	255	255	255	255	255	255	255	255	255	255	255	255	255	255	255	255	255	255	255	255	255	255	255	255	255	255
255	255	255	255	255	255	255	255	255	255	255	255	255	255	255	255	255	255	255	255	255	255	255	255	255	255	255	255	255	255	255	255	255	255	255	255	255	255	255	255	255	255	255	255	255	255	255	255	255	255	255	255	255	255	255	255	255	255	255	255	255	255	255	255	255	255	255	255	255	255	255	255	255	255	255	255	255	255	255	255	255	255	255	255	255	255	255	255	255	255	255	255	255	255	255	255	255	255	255	255	255	255	255	255	255	255	255	255	255	255	255	255	255	255	255	255	255	255	255	255	255	255	255	255	255	255	255	255	255	255	255	255	255	255	255	255	255	255	255	255
255	255	255	255	255	255	255	255	255	255	255	255	255	255	255	255	255	255	255	255	255	255	255	255	255	255	255	255	255	255	255	255	255	255	255	255	255	255	255	255	255	255	255	255	255	255	255	255	255	255	255	255	255	255	255	255	255	255	255	255	255	255	255	255	255	255	255	255	255	255	255	255	255	255	255	255	255	255	255	255	255	255	255	255	255	255	255	255	255	255	255	255	255	255	255	255	255	255	255	255	255	255	255	255	255	255	255	255	255	255	255	255	255	255	255	255	255	255	255	255	255	255	255	255	255	255	255	255	255	255	255	255	255	255	255	255	255	255	255	255
255	255	255	255	255	255	255	255	255	255	255	255	255	255	255	255	255	255	255	255	255	255	255	255	255	255	255	255	255	255	255	255	255	255	255	255	255	255	255	255	255	255	255	255	255	255	255	255	255	255	255	255	255	255	255	255	255	255	255	255	255	255	255	255	255	255	255	255	255	255	255	255	255	255	255	255	255	255	255	255	255	255	255	255	255	255	255	255	255	255	255	255	255	255	255	255	255	255	255	255	255	255	255	255	255	255	255	255	255	255	255	255	255	255	255	255	255	255	255	255	255	255	255	255	255	255	255	255	255	255	255	255	255	255	255	255	255	255	255	255
255	255	255	255	255	255	255	255	255	255	255	255	255	255	255	255	255	255	255	255	255	255	255	255	255	255	255	255	255	255	255	255	255	255	255	255	255	255	255	255	255	255	255	255	255	255	255	255	255	255	255	255	255	255	255	255	255	255	255	255	255	255	255	255	255	255	255	255	255	255	255	255	255	255	255	255	255	255	255	255	255	255	255	255	255	255	255	255	255	255	255	255	255	255	255	255	255	255	255	255	255	255	255	255	255	255	255	255	255	255	255	255	255	255	255	255	255	255	255	255	255	255	255	255	255	255	255	255	255	255	255	255	255	255	255	255	255	255	255	255
255	255	255	255	255	255	255	255	255	255	255	255	255	255	255	255	255	255	255	255	255	255	255	255	255	255	255	255	255	255	255	255	255	255	255	255	255	255	255	255	255	255	255	255	255	255	255	255	255	255	255	255	255	255	255	255	255	255	255	255	255	255	255	255	255	255	255	255	255	255	255	255	255	255	255	255	255	255	255	255	255	255	255	255	255	255	255	255	255	255	255	255	255	255	255	255	255	255	255	255	255	255	255	255	255	255	255	255	255	255	255	255	255	255	255	255	255	255	255	255	255	255	255	255	255	255	255	255	255	255	255	255	255	255	255	255	255	255	255	255
255	255	255	255	255	255	255	255	255	255	255	255	255	255	255	255	255	255	255	255	255	255	255	255	255	255	255	255	255	255	255	255	255	255	255	255	255	255	255	255	255	255	255	255	255	255	255	255	255	255	255	255	255	255	255	255	255	255	255	255	255	255	255	255	255	255	255	255	255	255	255	255	255	255	255	255	255	255	255	255	255	255	255	255	255	255	255	255	255	255	255	255	255	255	255	255	255	255	255	255	255	255	255	255	255	255	255	255	255	255	255	255	255	255	255	255	255	255	255	255	255	255	255	255	255	255	255	255	255	255	255	255	255	255	255	255	255	255	255	255
255	255	255	255	255	255	255	255	255	255	255	255	255	255	255	255	255	255	255	255	255	255	255	255	255	255	255	255	255	255	255	255	255	255	255	255	255	255	255	255	255	255	255	255	255	255	255	255	255	255	255	255	255	255	255	255	255	255	255	255	255	255	255	255	255	255	255	255	255	255	255	255	255	255	255	255	255	255	255	255	255	255	255	255	255	255	255	255	255	255	255	255	255	255	255	255	255	255	255	255	255	255	255	255	255	255	255	255	255	255	255	255	255	255	255	255	255	255	255	255	255	255	255	255	255	255	255	255	255	255	255	255	255	255	255	255	255	255	255	255
255	255	255	255	255	255	255	255	255	255	255	255	255	255	255	255	255	255	255	255	255	255	255	255	255	255	255	255	255	255	255	255	255	255	255	255	255	255	255	255	255	255	255	255	255	255	255	255	255	255	255	255	255	255	255	255	255	255	255	255	255	255	255	255	255	255	255	255	255	255	255	255	255	255	255	255	255	255	255	255	255	255	255	255	255	255	255	255	255	255	255	255	255	255	255	255	255	255	255	255	255	255	255	255	255	255	255	255	255	255	255	255	255	255	255	255	255	255	255	255	255	255	255	255	255	255	255	255	255	255	255	255	255	255	255	255	255	255	255	255
255	255	255	255	255	255	255	255	255	255	255	255	255	255	255	255	255	255	255	255	255	255	255	255	255	255	255	255	255	255	255	255	255	255	255	255	255	255	255	255	255	255	255	255	255	255	255	255	255	255	255	255	255	255	255	255	255	255	255	255	255	255	255	255	255	255	255	255	255	255	255	255	255	255	255	255	255	255	255	255	255	255	255	255	255	255	255	255	255	255	255	255	255	255	255	255	255	255	255	255	255	255	255	255	255	255	255	255	255	255	255	255	255	255	255	255	255	255	255	255	255	255	255	255	255	255	255	255	255	255	255	255	255	255	255	255	255	255	255	255
255	255	255	255	255	255	255	255	255	255	255	255	255	255	255	255	255	255	255	255	255	255	255	255	255	255	255	255	255	255	255	255	255	255	255	255	255	255	255	255	255	255	255	255	255	255	255	255	255	255	255	255	255	255	255	255	255	255	255	255	255	255	255	255	255	255	255	255	255	255	255	255	255	255	255	255	255	255	255	255	255	255	255	255	255	255	255	255	255	255	255	255	255	255	255	255	255	255	255	255	255	255	255	255	255	255	255	255	255	255	255	255	255	255	255	255	255	255	255	255	255	255	255	255	255	255	255	255	255	255	255	255	255	255	255	255	255	255	255	255
255	255	255	255	255	255	255	255	255	255	255	255	255	255	255	255	255	255	255	255	255	255	255	255	255	255	255	255	255	255	255	255	255	255	255	255	255	255	255	255	255	255	255	255	255	255	255	255	255	255	255	255	255	255	255	255	255	255	255	255	255	255	255	255	255	255	255	255	255	255	255	255	255	255	255	255	255	255	255	255	255	255	255	255	255	255	255	255	255	255	255	255	255	255	255	255	255	255	255	255	255	255	255	255	255	255	255	255	255	255	255	255	255	255	255	255	255	255	255	255	255	255	255	255	255	255	255	255	255	255	255	255	255	255	255	255	255	255	255	255
255	255	255	255	255	255	255	255	255	255	255	255	255	255	255	255	255	255	255	255	255	255	255	255	255	255	255	255	255	255	255	255	255	255	255	255	255	255	255	255	255	255	255	255	255	255	255	255	255	255	255	255	255	255	255	255	255	255	255	255	255	255	255	255	255	255	255	255	255	255	255	255	255	255	255	255	255	255	255	255	255	255	255	255	255	255	255	255	255	255	255	255	255	255	255	255	255	255	255	255	255	255	255	255	255	255	255	255	255	255	255	255	255	255	255	255	255	255	255	255	255	255	255	255	255	255	255	255	255	255	255	255	255	255	255	255	255	255	255	255
255	255	255	255	255	255	255	255	255	255	255	255	255	255	255	255	255	255	255	255	255	255	255	255	255	255	255	255	255	255	255	255	255	255	255	255	255	255	255	255	255	255	255	255	255	255	255	255	255	255	255	255	255	255	255	255	255	255	255	255	255	255	255	255	255	255	255	255	255	255	255	255	255	255	255	255	255	255	255	255	255	255	255	255	255	255	255	255	255	255	255	255	255	255	255	255	255	255	255	255	255	255	255	255	255	255	255	255	255	255	255	255	255	255	255	255	255	255	255	255	255	255	255	255	255	255	255	255	255	255	255	255	255	255	255	255	255	255	255	255
255	255	255	255	255	255	255	255	255	255	255	255	255	255	255	255	255	255	255	255	255	255	255	255	255	255	255	255	255	255	255	255	255	255	255	255	255	255	255	255	255	255	255	255	255	255	255	255	255	255	255	255	255	255	255	255	255	255	255	255	255	255	255	255	255	255	255	255	255	255	255	255	255	255	255	255	255	255	255	255	255	255	255	255	255	255	255	255	255	255	255	255	255	255	255	255	255	255	255	255	255	255	255	255	255	255	255	255	255	255	255	255	255	255	255	255	255	255	255	255	255	255	255	255	255	255	255	255	255	255	255	255	255	255	255	255	255	255	255	255
255	255	255	255	255	255	255	255	255	255	255	255	255	255	255	255	255	255	255	255	255	255	255	255	255	255	255	255	255	255	255	255	255	255	255	255	255	255	255	255	255	255	255	255	255	255	255	255	255	255	255	255	255	255	255	255	255	255	255	255	255	255	255	255	255	255	255	255	255	255	255	255	255	255	255	255	255	255	255	255	255	255	255	255	255	255	255	255	255	255	255	255	255	255	255	255	255	255	255	255	255	255	255	255	255	255	255	255	255	255	255	255	255	255	255	255	255	255	255	255	255	255	255	255	255	255	255	255	255	255	255	255	255	255	255	255	255	255	255	255
255	255	255	255	255	255	255	255	255	255	255	255	255	255	255	255	255	255	255	255	255	255	255	255	255	255	255	255	255	255	255	255	255	255	255	255	255	255	255	255	255	255	255	255	255	255	255	255	255	255	255	255	255	255	255	255	255	255	255	255	255	255	255	255	255	255	255	255	255	255	255	255	255	255	255	255	255	255	255	255	255	255	255	255	255	255	255	255	255	255	255	255	255	255	255	255	255	255	255	255	255	255	255	255	255	255	255	255	255	255	255	255	255	255	255	255	255	255	255	255	255	255	255	255	255	255	255	255	255	255	255	255	255	255	255	255	255	255	255	255
255	255	255	255	255	255	255	255	255	255	255	255	255	255	255	255	255	255	255	255	255	255	255	255	255	255	255	255	255	255	255	255	255	255	255	255	255	255	255	255	255	255	255	255	255	255	255	255	255	255	255	255	255	255	255	255	255	255	255	255	255	255	255	255	255	255	255	255	255	255	255	255	255	255	255	255	255	255	255	255	255	255	255	255	255	255	255	255	255	255	255	255	255	255	255	255	255	255	255	255	255	255	255	255	255	255	255	255	255	255	255	255	255	255	255	255	255	255	255	255	255	255	255	255	255	255	255	255	255	255	255	255	255	255	255	255	255	255	255	255
255	255	255	255	255	255	255	255	255	255	255	255	255	255	255	255	255	255	255	255	255	255	255	255	255	255	255	255	255	255	255	255	255	255	255	255	255	255	255	255	255	255	255	255	255	255	255	255	255	255	255	255	255	255	255	255	255	255	255	255	255	255	255	255	255	255	255	255	255	255	255	255	255	255	255	255	255	255	255	255	255	255	255	255	255	255	255	255	255	255	255	255	255	255	255	255	255	255	255	255	255	255	255	255	255	255	255	255	255	255	255	255	255	255	255	255	255	255	255	255	255	255	255	255	255	255	255	255	255	255	255	255	255	255	255	255	255	255	255	255
255	255	255	255	255	255	255	255	255	255	255	255	255	255	255	255	255	255	255	255	255	255	255	255	255	255	255	255	255	255	255	255	255	255	255	255	255	255	255	255	255	255	255	255	255	255	255	255	255	255	255	255	255	255	255	255	255	255	255	255	255	255	255	255	255	255	255	255	255	255	255	255	255	255	255	255	255	255	255	255	255	255	255	255	255	255	255	255	255	255	255	255	255	255	255	255	255	255	255	255	255	255	255	255	255	255	255	255	255	255	255	255	255	255	255	255	255	255	255	255	255	255	255	255	255	255	255	255	255	255	255	255	255	255	255	255	255	255	255	255
255	255	255	255	255	255	255	255	255	255	255	255	255	255	255	255	255	255	255	255	255	255	255	255	255	255	255	255	255	255	255	255	255	255	255	255	255	255	255	255	255	255	255	255	255	255	255	255	255	255	255	255	255	255	255	255	255	255	255	255	255	255	255	255	255	255	255	255	255	255	255	255	255	255	255	255	255	255	255	255	255	255	255	255	255	255	255	255	255	255	255	255	255	255	255	255	255	255	255	255	255	255	255	255	255	255	255	255	255	255	255	255	255	255	255	255	255	255	255	255	255	255	255	255	255	255	255	255	255	255	255	255	255	255	255	255	255	255	255	255
